เล่ม 143 ตอนที่ 5
กหน้า 5
ราชกิจจานุเบกษา
23 มกราคม 2569
ประกาศคณะกรรมการการเลือกตั้งเรื่อง จำนวนผู้ลงทะเบียนขอใช้สิทธิเลือกตั้งสมาชิกสภาผู้แทนราษฎรนอกราชอาณาจักรตามที่คณะกรรมการการเลือกตั้งได้ประกาศกำหนดวันลงทะเบียนขอใช้สิทธิเลือกตั้งสมาชิกสภาผู้แทนราษฎรนอกราชอาณาจักร ตั้งแต่วันที่20 ธันวาคม พ.ศ. 2568 ถึงวันที่
5 มกราคม พ.ศ. 2569 นั้น
อาศัยอำนาจตามความในมาตรา 5 และมาตรา 112 แห่งพระราชบัญญัติประกอบรัฐธรรมนูญว่าด้วยการเลือกตั้งสมาชิกสภาผู้แทนราษฎร พ.ศ. 2561 และที่แก้ไขเพิ่มเติม ประกอบข้อ8
ของระเบียบคณะกรรมการการเลือกตั้งว่าด้วยการเลือกตั้งสมาชิกสภาผู้แทนราษฎรนอกราชอาณาจักร พ.ศ. 2566 และที่แก้ไขเพิ่มเติม คณะกรรมการการเลือกตั้งจึงประกาศจำนวนผู้ลงทะเบียนขอใช้สิทธิเลือกตั้งสมาชิกสภาผู้แทนราษฎรนอกราชอาณาจักร จำแนกเป็นรายประเทศ ดังนี้ลำดับที่ประเทศจำนวนผู้ลงทะเบียน (คน)
1
2
3
26,463
17,411
11,504
8,632
4
5
6
7
9
11
12
13
14
15
16
17
18
19
20
เครือรัฐออสเตรเลียสหรัฐอเมริกาญี่ปุ่นสหราชอาณาจักรบริเตนใหญ่และไอร์แลนด์เหนือสหพันธ์สาธารณรัฐเยอรมนีสาธารณรัฐเกาหลีสาธารณรัฐจีน (ใต้หวัน)
สาธารณรัฐประชาชนจีนสาธารณรัฐสิงคโปร์มาเลเซียแคนาดาราชอาณาจักรสวีเดนสาธารณรัฐฝรังเศสนิวซีแลนด์สาธารณรัฐประชาธิปไตยประชาชนลาวรัฐอิสราเอลสมาพันธรัฐสวิสราชอาณาจักรนอร์เวย์สาธารณรัฐฟินแลนด์สหรัฐอาหรับเอมิเรตส์
8,613
6,976
6,597
4,654
4,428
3,957
3,194
2,920
2,917
2,447
2,391
2,024
1,772
1,751
1,568
1,474

เล่ม
143
ลำดับที่
21
22
23
24
25
26
27
28
29
30
31
32
ตอนที่ 5
กหน้า 6
ราชกิจจานุเบกษา
34
35
36
37
38
39
40
41
42
43
44
45
46
47
48
ประเทศราชอาณาจักรเนเธอร์แลนด์ราชอาณาจักรเดนมาร์กสาธารณรัฐอาหรับอียิปต์ราชอาณาจักรเบลเยียมรัฐกาตาร์ราชอาณาจักรซาอุดีอาระเบียสาธารณรัฐอิตาลีราชอาณาจักรบาห์เรนสาธารณรัฐสังคมนิยมเวียดนามสาธารณรัฐอินโดนีเซียสาธารณรัฐออสเตรียสาธารณรัฐอินเดียฮังการีสาธารณรัฐฟิลิปปินส์ราชอาณาจักรกัมพูชาไอร์แลนด์ราชอาณาจักรสเปนสาธารณรัฐตุรกีสาธารณรัฐแห่งสหภาพเมียนมาบรูในดารุสซาลามราชอาณาจักรฮัชไม่ต์จอร์แดนสาธารณรัฐอิสลามปากีสถานสาธารณรัฐเซาท์ซูดานสาธารณรัฐโปแลนด์รัฐคูเวตสาธารณรัฐโปรตุเกสสาธารณรัฐเช็กรัฐสุลต่านโอมาน
23 มกราคม 2569
จำนวนผู้ลงทะเบียน (คน)
1,357
1,145
1,064
960
913
896
891
849
847
686
637
579
473
454
412
389
385
346
332
311
305
281
276
264
248
224
211
205

เล่ม
143
ลำดับที่
49
50
51
52
53
54
55
56
57
58
59
60
61
62
63
64
65
ตอนที่ 5
กหน้า
ราชกิจจานุเบกษาประเทศ
67
68
69
70
71
72
73
74
75
76
สหพันธรัฐรัสเซียสาธารณรัฐแอฟริกาใต้สาธารณรัฐสังคมนิยมประชาธิปไตยศรีลังกาสาธารณรัฐอิสลามอิหร่านราชอาณาจักรโมร็อกโกสาธารณรัฐเฮลเลนิกโรมาเนียสาธารณรัฐประชาชนบังกลาเทศราชรัฐลักเซมเบิร์กสาธารณรัฐมอลตาสาธารณรัฐกานาสหพันธ์สาธารณรัฐบราซิลสาธารณรัฐไอซ์แลนด์สหรัฐเม็กซิโกสาธารณรัฐโครเอเชียสาธารณรัฐชิลีสาธารณรัฐสโลวักสาธารณรัฐโมซัมบิกสาธารณรัฐเปรูสาธารณรัฐมัลดีฟส์สาธารณรัฐสโลวีเนียสาธารณรัฐคาซัคสถานรัฐลิเบียสหพันธ์สาธารณรัฐในจีเรียสาธารณรัฐประชาธิปไตยติมอร์-เลสเตสาธารณรัฐเคนยาสาธารณรัฐอาร์เจนตินาสาธารณรัฐเอสโตเนีย
23 มกราคม 2569
จำนวนผู้ลงทะเบียน (คน)
178
147
125
108
100
99
94
88
76
73
66
54
50
49
46
45
44
41
40
40
38
36
34
34
33
31
31
28

เล่ม
143
ลำดับที่
77
78
79
ตอนที่ 5
กหน้า 8
ราชกิจจานุเบกษาประเทศ
81
82
83
84
85
86
87
88
89
90
91
92
93
94
95
96
97
98
99
100
101
102
103
104
สาธารณรัฐบัลแกเรียรัฐเอกราชปาปัวนิวกินีสหพันธ์สาธารณรัฐประชาธิปไตยเนปาลจอร์เจียสาธารณรัฐโคลัมเบียสาธารณรัฐลิทัวเนียสาธารณรัฐเลบานอนสาธารณรัฐกินีสาธารณรัฐลัตเวียสาธารณรัฐมาดากัสการ์สาธารณรัฐเซอร์เบียราชอาณาจักรภูฏานสาธารณรัฐไซปรัสมองโกเลียสหสาธารณรัฐแทนซาเนียสาธารณรัฐคอสตาริกาสาธารณรัฐวานูวาตูสาธารณรัฐเซเนกัลสาธารณรัฐปาเลาสาธารณรัฐมอริเชียสสาธารณรัฐอุซเบกิสถานสาธารณรัฐเซเชลส์สาธารณรัฐเบลารุสสาธารณรัฐมาลีสาธารณรัฐเอกวาดอร์บูร์กินาฟาโซเติร์กเมนิสถานสาธารณรัฐโกตดิวัวร์
23 มกราคม 2569
จำนวนผู้ลงทะเบียน (คน)
25
22
21
20
19
19
18
17
17
15
13
9
9
8
7
7
7
6
6
6
5
5
5
5
4
3

เล่ม
143
ลำดับที่
105
106
107
108
109
110
111
112
113
114
115
116
117
118
119
120
121
122
123
124
125
126
127
128
129
130
131
132
ตอนที่ 5
กหน้า 9
ราชกิจจานุเบกษาประเทศสาธารณรัฐคอซอวอสาธารณรัฐประชาธิปไตยประชาชนแอลจีเรียสาธารณรัฐปานามาสหพันธ์สาธารณรัฐประชาธิปไตยเอธิโอเปียสาธารณรัฐคองโกสาธารณรัฐแซมเบียสาธารณรัฐโดมินิกันสาธารณรัฐโอเรียนทัลอุรุกวัยจาเมกาตูวาลูยูเครนราชรัฐลิกเตนสไตน์ราชรัฐอันดอร์ราราชอาณาจักรเอสวาตินีสาธารณรัฐกัวเตมาลาสาธารณรัฐคีร์กีซสาธารณรัฐซูดานสาธารณรัฐตรินิแดดและโตเบโกสาธารณรัฐตูนิเซียสาธารณรัฐนอร์ทมาซิโดเนียสาธารณรัฐนามิเบียสาธารณรัฐปารากวัยสาธารณรัฐยูกันดาสาธารณรัฐอาเซอร์ไบจานสาธารณรัฐอาร์เมเนียสาธารณรัฐอิรักสาธารณรัฐเอลซัลวาดอร์สาธารณรัฐแองโกลา
23 มกราคม 2569
จำนวนผู้ลงทะเบียน (คน)
3
3
3
2
2
2
1
1
1
1
1
1
1
1
1
1
1)
1

เล่ม 143
ลำดับที่
133
134
135
ตอนที่ 5
กหน้า 10
ราชกิจจานุเบกษาประเทศสาธารณรัฐแอลเบเนียหมู่เกาะโซโลมอนแอนทีกาและบาร์บิวดา
23 มกราคม 2569
จำนวนผู้ลงทะเบียน (คน)
1
1
1
ประกาศ ณ วันที่ 21 มกราคม พ.ศ. 2569
ณรงค์ กลั่นวารินทร์ประธานกรรมการการเลือกตั้ง