เล่ม 143 ตอนที่ 5
หน้า 11
ก
ราชกิจจานุเบกษา
ประกาศคณะกรรมการการเลือกตั้งเรื่อง จำนวนผู้ลงทะเบียนขอใช้สิทธิออกเสียงประชามตินอกราชอาณาจักร
23 มกราคม 2569
ตามที่คณะกรรมการการเลือกตั้งได้ประกาศกำหนดวันลงทะเบียนขอใช้สิทธิออกเสียงประชามตินอกราชอาณาจักร ตั้งแต่วันที่ 3 มกราคม พ.ศ. 2569 ถึงวันที่ มกราคม พ.ศ. 2569 นั้น
อาศัยอำนาจตามความในมาตรา5 และมาตรา56 แห่งพระราชบัญญัติว่าด้วยการออกเสียงประชามติ พ.ศ. 2564 และที่แก้ไขเพิ่มเติม ประกอบข้อ 8 ของระเบียบคณะกรรมการการเลือกตั้งว่าด้วยการออกเสียงประชามตินอกราชอาณาจักรที่กำหนดวันออกเสียงประชามติในวันเดียวกับวันเลือกตั้งสมาชิกสภาผู้แทนราษฎรใหม่ เป็นการเลือกตั้งทั่วไป พ.ศ. 2568 คณะกรรมการการเลือกตั้งจึงประกาศจำนวนผู้ลงทะเบียนขอใช้สิทธิออกเสียงประชามตินอกราชอาณาจักร จำแนกเป็นรายประเทศลำดับที่
1
2
3
4
5
6
7
ประเทศ
9
10
11
12
13
14
15
16
17
18
19
20
เครือรัฐออสเตรเลียสหรัฐอเมริกาญี่ปุ่นสหพันธ์สาธารณรัฐเยอรมนีสหราชอาณาจักรบริเตนใหญ่และไอร์แลนด์เหนือสาธารณรัฐเกาหลีสาธารณรัฐประชาชนจีนสาธารณรัฐสิงคโปร์มาเลเซียแคนาดาราชอาณาจักรสวีเดนสาธารณรัฐจีน (ใต้หวัน)
สาธารณรัฐฝรั่งเศสนิวซีแลนด์สาธารณรัฐประชาธิปไตยประชาชนลาวสมาพันธรัฐสวิสราชอาณาจักรนอร์เวย์สหรัฐอาหรับเอมิเรตส์สาธารณรัฐฟินแลนด์ราชอาณาจักรเนเธอร์แลนด์จำนวนผู้ลงทะเบียน (คน)
19,802
11,114
9,453
6,880
5,225
4,529
3,514
3,102
2,814
2,383
1,989
1,970
1,935
1,648
1,597
1,126
1,093
1,052
1,022
992

เล่ม
143
ลำดับที่
21
22
23
24
25
26
27
28
29
30
31
32
ตอนที่ 5
กหน้า 12
ราชกิจจานุเบกษาประเทศ
34
35
36
37
38
39
40
41
42
43
44
45
46
47
48
ราชอาณาจักรบาห์เรนรัฐอิสราเอลราชอาณาจักรเบลเยียมสาธารณรัฐอาหรับอียิปต์ราชอาณาจักรเดนมาร์กราชอาณาจักรซาอุดีอาระเบียรัฐกาตาร์สาธารณรัฐสังคมนิยมเวียดนามสาธารณรัฐอิตาลีสาธารณรัฐอินโดนีเซียสาธารณรัฐออสเตรียสาธารณรัฐฟิลิปปินส์ฮังการีสาธารณรัฐอินเดียราชอาณาจักรกัมพูชาราชอาณาจักรสเปนสาธารณรัฐตุรกีบรูไนดารุสซาลามสาธารณรัฐอิสลามปากีสถานราชอาณาจักรฮัชไมต์จอร์แดนไอร์แลนด์สาธารณรัฐแห่งสหภาพเมียนมารัฐคูเวตสาธารณรัฐโปแลนด์สาธารณรัฐเซาท์ซูดานรัฐสุลต่านโอมานสาธารณรัฐโปรตุเกสสาธารณรัฐเช็ก
23 มกราคม 2569
จำนวนผู้ลงทะเบียน (คน)
849
813
734
694
679
668
666
656
5้63
507
421
361
345
344
304
284
248
234
227
226
218
209
188
187
186
145
131
123

เล่ม
143
ลำดับที่
49
50
51
52
53
54
55
56
57
58
59
60
61
62
63
64
65
ตอนที่ 5
กหน้า 13
ราชกิจจานุเบกษาประเทศ
67
68
69
70
71
72
73
74
75
76
สหพันธรัฐรัสเซียสาธารณรัฐแอฟริกาใต้โรมาเนียสาธารณรัฐอิสลามอิหร่านสาธารณรัฐเฮลเลนิกสาธารณรัฐสังคมนิยมประชาธิปไตยศรีลังกาสาธารณรัฐกานาสาธารณรัฐประชาชนบังกลาเทศราชรัฐลักเซมเบิร์กราชอาณาจักรโมร็อกโกสหพันธ์สาธารณรัฐบราซิลสาธารณรัฐมอลตาสหรัฐเม็กซิโกสาธารณรัฐประชาธิปไตยติมอร์-เลสเตสาธารณรัฐเปรูสาธารณรัฐโครเอเชียสาธารณรัฐชิลีสาธารณรัฐไอซ์แลนด์สาธารณรัฐโมซัมบิกสหพันธ์สาธารณรัฐใจจีเรียสาธารณรัฐมัลดีฟส์สาธารณรัฐสโลวักสาธารณรัฐเอสโตเนียสาธารณรัฐบัลแกเรียสาธารณรัฐเคนยาสาธารณรัฐอาร์เจนตินาสาธารณรัฐสโลวีเนียรัฐเอกราชปาปัวนิวกินี
23 มกราคม 2569
จำนวนผู้ลงทะเบียน (คน)
112
108
89
79
73
69
63
57
5ั1
51
42
36
33
33
32
32
32
31
27
26
26
26
25
24
23
22
19

เล่ม
143
ลำดับที่
77
78
79
ตอนที่ 5
กหน้า 14
ราชกิจจานุเบกษา
81
82
83
84
85
86
87
88
889
90
91
92
93
94
95
96
97
98
99
100
101
102
103
104
105
106
107
ประเทศสหพันธ์สาธารณรัฐประชาธิปไตยเนปาลสาธารณรัฐกินีสาธารณรัฐคาซัคสถานสาธารณรัฐโคลอมเบียสาธารณรัฐลัตเวียจอร์เจียสาธารณรัฐลิทั่วเนียรัฐลิเบียราชอาณาจักรภูฏานสาธารณรัฐมาดากัสการ์สาธารณรัฐเซเนกัลสาธารณรัฐไซปรัสสาธารณรัฐมอริเชียสสาธารณรัฐอุซเบกิสถานมองโกเลียสาธารณรัฐคอสตาริกาสาธารณรัฐมาลีสาธารณรัฐเซเชลส์สาธารณรัฐเซอร์เบียสาธารณรัฐเบลารุสสาธารณรัฐปาเลาสาธารณรัฐเอกวาดอร์เติร์กเมนิสถานบูร์กินาฟาโซสหสาธารณรัฐแทนซาเนียสาธารณรัฐแซมเบียสาธารณรัฐโดมินิกันสาธารณรัฐประชาธิปไตยประชาชนแอลจีเรียสาธารณรัฐแอลเบเนียสาธารณรัฐโอเรียนทัลอุรุกวัยตูวาลู
23 มกราคม 2569
จำนวนผู้ลงทะเบียน (คน)
18
16
16
16
14
12
12
11
5
3
2
2
2
2
1

เล่ม 143
ลำดับที่
108
109
110
111
112
113
114
115
116
117
118
119
120
121
122
ตอนที่ 5
กหน้า 15
ราชกิจจานุเบกษาประเทศราชรัฐอันดอร์ราราชอาณาจักรเอสวาตินีสหพันธ์สาธารณรัฐประชาธิปไตยเอธิโอเปียสาธารณรัฐโกติวัวร์สาธารณรัฐคอซอวอสาธารณรัฐตูนิเซียสาธารณรัฐนอร์ทมาซิโดเนียสาธารณรัฐนามิเบียสาธารณรัฐปารากวัยสาธารณรัฐเลบานอนสาธารณรัฐวานูวาตูสาธารณรัฐอาเซอร์ไบจานสาธารณรัฐอิรักสาธารณรัฐเอลซัลวาดอร์สาธารณรัฐแองโกลา
23 มกราคม 2569
จำนวนผู้ลงทะเบียน (คน)
1
1
1
1
1
1
1
1
1
1
1
1
1
1
1
ประกาศ ณ วันที่ 2 มกราคม พ.ศ. 2569
ณรงค์ กลั่นวารินทร์ประธานกรรมการการเลือกตั้ง