เล่ม 143 ตอนที่ 29
หน้า 14
ก
ราชกิจจานุเบกษา
ประกาศคณะกรรมการการเลือกตั้งเรื่อง การแบ่งเขตเลือกตั้งสมาชิกสภากรุงเทพมหานคร
5 พฤษภาคม 2569
อาศัยอำนาจตามความในมาตรา 22 แห่งพระราชบัญญัติประกอบรัฐธรรมนูญว่าด้วยคณะกรรมการการเลือกตั้ง พ.ศ. 2560 มาตรา 19 และมาตรา 20 แห่งพระราชบัญญัติการเลือกตั้งสมาชิกสภาท้องถิ่นหรือผู้บริหารท้องถิ่น พ.ศ. 2562 และที่แก้ไขเพิ่มเติม คณะกรรมการการเลือกตั้งจึงประกาศแบ่งเขตเลือกตั้งสมาชิกสภากรุงเทพมหานคร ออกเป็น 50 เขตเลือกตั้งโดยมีสมาชิกเขตเลือกตั้งละหนึ่งคน ดังต่อไปนี้จำนวนลำดับที่
1
2
3
4
5
6
7
8
9
10
11
12
13
14
15
16
17
18
19
20
เขตจำนวนสมาชิกที่จะพึงมีทั้งเขตเขตเลือกตั้งเขตเลือกตั้งที่ท้องที่ที่ประกอบเป็นเขตเลือกตั้งพระนคร
1
1
ดุสิตหนองจอกบางรัก
1
1
1
1
1
1
บางเขนบางกะปิปทุมวันป้อมปราบศัตรูพ่ายพระโขนงมีนบุรีลาดกระบัง
1
1
1
1
1
1
1
1
1
1
1
1
1
1
ยานนาวาสัมพันธวงศ์พญาไทธนบุรีบางกอกใหญ่ห้วยขวาง
1
1
1
1
1
1
1
1
1
1
1
1
คลองสานตลิ่งชันบางกอกน้อย
1
1
1
1
1
1
-
-
-
ทุกแขวงในพื้นที่เขตพระนครทุกแขวงในพื้นที่เขตดุสิตทุกแขวงในพื้นที่เขตหนองจอกทุกแขวงในพื้นที่เขตบางรักทุกแขวงในพื้นที่เขตบางเขนทุกแขวงในพื้นที่เขตบางกะปิทุกแขวงในพื้นที่เขตปทุมวันทุกแขวงในพื้นที่เขตป้อมปราบศัตรูพ่ายทุกแขวงในพื้นที่เขตพระโขนงทุกแขวงในพื้นที่เขตมีนบุรีทุกแขวงในพื้นที่เขตลาดกระบังทุกแขวงในพื้นที่เขตยานนาวาทุกแขวงในพื้นที่เขตสัมพันธวงศ์ทุกแขวงในพื้นที่เขตพญาไททุกแขวงในพื้นที่เขตธนบุรีทุกแขวงในพื้นที่เขตบางกอกใหญ่ทุกแขวงในพื้นที่เขตห้วยขวางทุกแขวงในพื้นที่เขตคลองสานทุกแขวงในพื้นที่เขตตลิ่งชันทุกแขวงในพื้นที่เขตบางกอกน้อย

เล่ม 143
• ตอนที่ 29
ลำดับที่
21
22
23
24
25
26
27
28
29
30
3า1
32
34
35
36
37
38
39
40
441
42
43
44
45
46
47
เขตบางขุนเทียนภาษีเจริญหนองแขมราษฎร์บูรณะบางพลัดดินแดงบึงกุ่มสาทรบางซื่อจตุจักรบางคอแหลมประเวศคลองเตยสวนหลวงจอมทองดอนเมืองราชเทวีลาดพร้าววัฒนาบางแคหลักสี่สายไหมคันนายาวสะพานสูงวังทองหลางคลองสามวาบางนาก
จำนวนสมาชิกที่จะพึงมีทั้งเขต
1
1
1
1
1
1
1
1
1
1
1
1
1
1
1
1
1
1
1
1
1
1
1
1
1
หน้า 15
ราชกิจจานุเบกษาจำนวนเขตเลือกตั้งเขตเลือกตั้งที่
1
1
1
1
1
-
1
1
1
1
1
1
1
1
1
1
1
1
1
1
1
1
1
1
1
1
1
5 พฤษภาคม 2569
ท้องที่ที่ประกอบเป็นเขตเลือกตั้งทุกแขวงในพื้นที่เขตบางขุนเทียนทุกแขวงในพื้นที่เขตภาษีเจริญทุกแขวงในพื้นที่เขตหนองแขมทุกแขวงในพื้นที่เขตราษฎร์บูรณะทุกแขวงในพื้นที่เขตบางพลัดทุกแขวงในพื้นที่เขตดินแดงทุกแขวงในพื้นที่เขตบึงกุ่มทุกแขวงในพื้นที่เขตสาทรทุกแขวงในพื้นที่เขตบางชื่อทุกแขวงในพื้นที่เขตจตุจักรทุกแขวงในพื้นที่เขตบางคอแหลมทุกแขวงในพื้นที่เขตประเวศทุกแขวงในพื้นที่เขตคลองเตยทุกแขวงในพื้นที่เขตสวนหลวงทุกแขวงในพื้นที่เขตจอมทองทุกแขวงในพื้นที่เขตดอนเมืองทุกแขวงในพื้นที่เขตราชเทวีทุกแขวงในพื้นที่เขตลาดพร้าวทุกแขวงในพื้นที่เขตวัฒนาทุกแขวงในพื้นที่เขตบางแคทุกแขวงในพื้นที่เขตหลักสี่ทุกแขวงในพื้นที่เขตสายไหมทุกแขวงในพื้นที่เขตคันนายาวทุกแขวงในพื้นที่เขตสะพานสูงทุกแขวงในพื้นที่เขตวังทองหลางทุกแขวงในพื้นที่เขตคลองสามวาทุกแขวงในพื้นที่เขตบางนา

เล่ม 143
• ตอนที่ 29
ลำดับที่เข่ต
48
49
50
ทวีวัฒนาทุ่งครุบางบอนก
จำนวนสมาชิกที่จะพึงมีทั้งเขต
1
1
1
หน้า 16
ราชกิจจานุเบกษาจำนวนเขตเลือกตั้ง
1
1
1
เขตเลือกตั้งที่
5 พฤษภาคม 2569
ท้องที่ที่ประกอบเป็นเขตเลือกตั้งทุกแขวงในพื้นที่เขตทวีวัฒนาทุกแขวงในพื้นที่เขตทุ่งครุทุกแขวงในพื้นที่เขตบางบอน
ประกาศ ณ วันที่ 28 เมษายน พ.ศ. 2569
ณรงค์ กลันวารินทร์ประธานกรรมการการเลือกตั้ง